487
488
729
722
725
719
712
735
716
732
731
728
727
724
736
721
726
720
715
717
3
15
10
17
26
24
29
8
12
25
20
9
1
23
13
11
458
367
82
194
62
163
274
73
202
332
406
418
1582
369
281
234
248
480
362
436
148
328
291
451
434
132
312
481
231
106
368
338
354
293
69
89
335
160
385
326
232
50
145
198
341
450
279
344
143
420
465
53
381
372
463
296
479
334
262
404
146
457
357
352
76
324
370
307
419
388
264
280
131
191
437
363
91
65
241
263
325
421
407
427
257
219
272
384
256
454
294
327
360
189
364
277
313
158
351
365
456
371
72
459
129
193
475
90
228
410
426
396
337
123
156
142
311
476
144
55
121
155
187
119
405
100
127
258
162
284
438
101
271
460
292
473
115
224
56
469
401
222
154
52
314
387
331
153
355
237
151
343
223
116
478
152
230
87
431
120
416
276
157
226
482
147
283
319
382
92
477
409
356
149
150
79
39
453
174
196
321
159
267
140
201
350
336
266
340
303
118
373
301
391
386
474
320
411
109
233
811
789
801
804
817
803
805
810
806
781
799
813
744
788
782
798
742
822
773
745
774
816
756
808
778
771
755
772
784
786
768
741
825